0.001767667
0.001056897
0.000168292
0.003028995
0.00197732
7.877E-18
0.00552843
0.002570128
-0.002529088
0.007366918
-1.13953E-17
-0.011102213
0.005759067
-0.008886909
-0.029215212
3.55688E-17
-0.024799789
-0.0583349
-0.004877982
-0.044250131
-0.100773354
0.009239987
-0.060468163
-0.200025323
0.209128227
0.601161266
0.209128227
-0.200025323
-0.060468163
0.009239987
-0.100773354
-0.044250131
-0.004877982
-0.0583349
-0.024799789
3.55688E-17
-0.029215212
-0.008886909
0.005759067
-0.011102213
-1.13953E-17
0.007366918
-0.002529088
0.002570128
0.00552843
7.877E-18
0.00197732
0.003028995
0.000168292
0.001056897
0.001767667
